24 69 93 37 66 95 56 89 88 97 75 50 86 47 47 59 40 71 50 40 62 77 79 19 62 81 99 96 56 25 70 94 87 58 75 91 55 90 52 69 22 25 31 30 86 38 64 33 41 90 43 71 96 23 94 77 96 40 39 97 39 75 94 57 29 89 49 50 26 31 34 55 39 73 92 80 57 40 83 76 12 52 67 68 37 74 30 50 55 100 23 13 14 93 13 56 80 15 22 59 71 30 68 54 92 81 83 23 76 28 18 27 69 23 79 50 34 25 27 24 100 46 93 62 65 10 54 66 83 95 58 87 49 72 72 30 71 47 86 23 17 10 72 29 42 11 30 12 75 60 60 45 27 99 11 63 84 82 39 63 67 80 11 70 26 25 69 60 14 61 85 59 89 100 33 99 67 17 12 40 42 78 27 19 80 40 73 43 18 44 89 46 36 87 24 45 80 77 31 58 52 77 17 47 94 15 66 23 24 25 32 45 51 24 54 97 31 50 85 89 61 12 16 67 14 86 62 69 93 93 99 96 44 28 10 46 34 75 36 51 60 61 10 60 69 16 35 11 99 77 88 24 79 80 55 72 79 41 57 51 62 43 17 66 91 78 31 10 96 55 31 92 73 16 51 75 94 17 45 58 15 22 31 58 99 32 25 43 86 41 89 71 82 43 78 68 70 70 64 48 29 53 11 84 76 63 21 100 21 44 65 65 56 54 84 31 14 64 37 49 46 51 34 56 25 24 30 20 43 53 44 27 63 43 40 57 64 56 15 43 43 99 45 45 56 56 92 67 51 50 39 60 85 14 79 78 82 36 74 96 34 76 50 22 15 55 72 72 50 55 11 48 11 32 80 76 63 82 85 86 85 81 66 13 71 36 87 83 82 30 69 59 69 93 28 72 23 20 98 12 10 41 68 34 12 61 94 23 89 71 52 42 25 83 21 65 69 49 48 74 81 16 86 41 19 26 99 42 76 71 71 16 95 11 66 91 51 58 59 23 65 44 43 44 49 14 36 86 15 39 71 37 14 75 83 30 88 72 46 39 31 95 16 77 23 28 83 79 68 53 71 54 73 55 49 38 81 50 77 82 35 77 20 75 51 64 38 81 80 45 92 53 56 71 80 66 26 94 27 86 100 85 83 43 18 70 50 93 23 27 67 89 40 26 71 56 94 79 22 94 47 91 29 81 54 85 24 88 61 33 74 63 31 68 97 66 58 53 91 10 98 58 87 60 38 36 59 45 12 74 91 100 76 25 19 19 79 82 38 41 98 64 69 76 49 12 34 49 38 53 49 80 36 52 41 74 50 26 97 38 33 59 18 36 11 86 42 57 71 69 73 30 31 61 10 49 37 59 54 71 44 72 45 24 47 92 69 53 61 42 73 17 63 74 25 33 31 46 81 12 63 61 81 60 20 12 84 68 40 91 80 46 96 57 18 76 26 38 55 25 64 56 92 94 88 36 96 41 68 59 98 32 91 57 72 77 50 40 100 52 48 55 21 24 96 76 77 98 73 54 70 10 42 22 44 64 64 24 100 100 97 48 29 46 77 86 92 46 49 76 60 73 62 94 38 57 82 31 21 91 23 62 94 93 18 45 21 93 81 93 49 55 35 91 71 78 48 78 27 94 24 67 51 50 76 67 42 89 79 14 39 82 64 28 53 46 85 27 72 34 68 58 60 97 85 96 76 96 38 83 51 14 41 95 87 62 88 82 71 88 19 79 25 10 81 23 82 65 36 29 29 90 47 69 79 81 49 23 27 18 77 12 91 60 17 73 69 54 57 62 36 33 70 49 56 52 22 26 57 14 79 25 16 52 55 80 19 65 96 33 53 91 17 10 68 93 88 68 50 24 47 59 58 81 43 14 65 85 46 95 65 89 93 65 68 86 79 76 20 89 65 37 21 98 95 17 12 43 79 43 16 40 56 19 63 65 15 96 36 48 12 97 67 23 66 87 39 23 32 31 82 74 27 98 10 27 32 50 60 33 93 77 78 59 95 22 37 91 37 35 78 60 42 93 79 79 51 82 88 82 18 95 11 89 18 36 70 51 44 78 47 62 26 10 60 80 47 51 86 57 56 65 20 11 69 91 36 44 36 70 59 67 74 82 16 49 90 57 10 71 19 29 92 44 77 70 48 45 93 63 32 27 51 39 69 38 26 38 81 99 33 63 100 27 42 16 53 77 71 42 33 55 83 18 97 93 29 63 75 89 25 12 47 88 92 97 94 61 68 10 68 55 71 36 33 29 99 33 72

24
69
93
37
66
95
56
89
88
97
75
50
86
47
47
59
40
71
50
40
62
77
79
19
62
81
99
96
56
25
70
94
87
58
75
91
55
90
52
69
22
25
31
30
86
38
64
33
41
90
43
71
96
23
94
77
96
40
39
97
39
75
94
57
29
89
49
50
26
31
34
55
39
73
92
80
57
40
83
76
12
52
67
68
37
74
30
50
55
100
23
13
14
93
13
56
80
15
22
59
71
30
68
54
92
81
83
23
76
28
18
27
69
23
79
50
34
25
27
24
100
46
93
62
65
10
54
66
83
95
58
87
49
72
72
30
71
47
86
23
17
10
72
29
42
11
30
12
75
60
60
45
27
99
11
63
84
82
39
63
67
80
11
70
26
25
69
60
14
61
85
59
89
100
33
99
67
17
12
40
42
78
27
19
80
40
73
43
18
44
89
46
36
87
24
45
80
77
31
58
52
77
17
47
94
15
66
23
24
25
32
45
51
24
54
97
31
50
85
89
61
12
16
67
14
86
62
69
93
93
99
96
44
28
10
46
34
75
36
51
60
61
10
60
69
16
35
11
99
77
88
24
79
80
55
72
79
41
57
51
62
43
17
66
91
78
31
10
96
55
31
92
73
16
51
75
94
17
45
58
15
22
31
58
99
32
25
43
86
41
89
71
82
43
78
68
70
70
64
48
29
53
11
84
76
63
21
100
21
44
65
65
56
54
84
31
14
64
37
49
46
51
34
56
25
24
30
20
43
53
44
27
63
43
40
57
64
56
15
43
43
99
45
45
56
56
92
67
51
50
39
60
85
14
79
78
82
36
74
96
34
76
50
22
15
55
72
72
50
55
11
48
11
32
80
76
63
82
85
86
85
81
66
13
71
36
87
83
82
30
69
59
69
93
28
72
23
20
98
12
10
41
68
34
12
61
94
23
89
71
52
42
25
83
21
65
69
49
48
74
81
16
86
41
19
26
99
42
76
71
71
16
95
11
66
91
51
58
59
23
65
44
43
44
49
14
36
86
15
39
71
37
14
75
83
30
88
72
46
39
31
95
16
77
23
28
83
79
68
53
71
54
73
55
49
38
81
50
77
82
35
77
20
75
51
64
38
81
80
45
92
53
56
71
80
66
26
94
27
86
100
85
83
43
18
70
50
93
23
27
67
89
40
26
71
56
94
79
22
94
47
91
29
81
54
85
24
88
61
33
74
63
31
68
97
66
58
53
91
10
98
58
87
60
38
36
59
45
12
74
91
100
76
25
19
19
79
82
38
41
98
64
69
76
49
12
34
49
38
53
49
80
36
52
41
74
50
26
97
38
33
59
18
36
11
86
42
57
71
69
73
30
31
61
10
49
37
59
54
71
44
72
45
24
47
92
69
53
61
42
73
17
63
74
25
33
31
46
81
12
63
61
81
60
20
12
84
68
40
91
80
46
96
57
18
76
26
38
55
25
64
56
92
94
88
36
96
41
68
59
98
32
91
57
72
77
50
40
100
52
48
55
21
24
96
76
77
98
73
54
70
10
42
22
44
64
64
24
100
100
97
48
29
46
77
86
92
46
49
76
60
73
62
94
38
57
82
31
21
91
23
62
94
93
18
45
21
93
81
93
49
55
35
91
71
78
48
78
27
94
24
67
51
50
76
67
42
89
79
14
39
82
64
28
53
46
85
27
72
34
68
58
60
97
85
96
76
96
38
83
51
14
41
95
87
62
88
82
71
88
19
79
25
10
81
23
82
65
36
29
29
90
47
69
79
81
49
23
27
18
77
12
91
60
17
73
69
54
57
62
36
33
70
49
56
52
22
26
57
14
79
25
16
52
55
80
19
65
96
33
53
91
17
10
68
93
88
68
50
24
47
59
58
81
43
14
65
85
46
95
65
89
93
65
68
86
79
76
20
89
65
37
21
98
95
17
12
43
79
43
16
40
56
19
63
65
15
96
36
48
12
97
67
23
66
87
39
23
32
31
82
74
27
98
10
27
32
50
60
33
93
77
78
59
95
22
37
91
37
35
78
60
42
93
79
79
51
82
88
82
18
95
11
89
18
36
70
51
44
78
47
62
26
10
60
80
47
51
86
57
56
65
20
11
69
91
36
44
36
70
59
67
74
82
16
49
90
57
10
71
19
29
92
44
77
70
48
45
93
63
32
27
51
39
69
38
26
38
81
99
33
63
100
27
42
16
53
77
71
42
33
55
83
18
97
93
29
63
75
89
25
12
47
88
92
97
94
61
68
10
68
55
71
36
33
29
99
33
72
